$ANSIBLE_VAULT;1.1;AES256
66306165393638623730313138653966663133323762666335396137366264663633333231353236
6238346138633730656534663739666634363539643030310a306233326236323263323833653665
65386539666666346234373739316236613538613964626537616436643538336236646165323833
6439333038313236370a626533303731326465643162306132663730326331623238333834336636
39353565343664373863303162383633656231663039653232643837646332313830376132303662
35633539623039633937663064336364653966636435643432373932636663653763346339643538
30613437343330663763386366313263343437303135306163623065623563323166373365383632
30303031643964626237316364623330636164643738616331363164366366666364653362623131
38623336616564396333313431626666356138366237643338316133386437303236313932613839
35313663633938663064623431316138346365306262313539636165363561333737323731666563
39656465643732376535306238626530333637333337353734363933363961336130363961616266
36383034636631633139
